1989-90 5 3,1 7,1 22,1 31,1 112,1
a 17 0,6 1,6 2,8 3,3 4,6 5,6 6,8 7,3 8,6 12,6 13,6 15,6 16,8 18,8 22,3 31,3 112,3
about 12 0,1 1,1 2,2 4,1 5,1 6,2 8,1 12,1 13,1 15,1 16,2 18,2
according 5 3,1 7,1 22,1 31,1 112,1
achieve 8 0,1 1,1 4,1 5,1 8,1 12,1 13,1 15,1
achieved 8 0,1 1,1 4,1 5,1 8,1 12,1 13,1 15,1
achieving 8 0,1 1,1 4,1 5,1 8,1 12,1 13,1 15,1
ads 5 3,2 7,2 22,2 31,2 112,2
after 5 3,1 7,1 22,1 31,1 112,1
also 13 0,1 1,1 3,5 4,1 5,1 7,5 8,1 12,1 13,1 15,1 22,5 31,5 112,5
although 8 0,1 1,1 4,1 5,1 8,1 12,1 13,1 15,1
amount 5 3,1 7,1 22,1 31,1 112,1
and 17 0,2 1,2 2,9 3,12 4,2 5,2 6,9 7,12 8,2 12,2 13,2 15,2 16,9 18,9 22,12 31,12 112,12
angles 5 3,1 7,1 22,1 31,1 112,1
angry 4 2,1 6,1 16,1 18,1
any 5 3,2 7,2 22,2 31,2 112,2
anything 4 2,1 6,1 16,1 18,1
are 5 3,2 7,2 22,2 31,2 112,2
area 5 3,1 7,1 22,1 31,1 112,1
as 5 3,1 7,1 22,1 31,1 112,1
asked 12 0,2 1,2 2,2 4,2 5,2 6,2 8,2 12,2 13,2 15,2 16,2 18,2
at 8 0,2 1,2 4,2 5,2 8,2 12,2 13,2 15,2
attack 5 3,2 7,2 22,2 31,2 112,2
bad 4 2,1 6,1 16,1 18,1
be 8 0,2 1,2 4,2 5,2 8,2 12,2 13,2 15,2
beautiful 4 2,1 6,1 16,1 18,1
because 4 2,4 6,4 16,4 18,4
best 5 3,1 7,1 22,1 31,1 112,1
better 8 0,1 1,1 4,1 5,1 8,1 12,1 13,1 15,1
big 5 3,1 7,1 22,1 31,1 112,1
bodies 5 3,1 7,1 22,1 31,1 112,1
bomb 5 3,1 7,1 22,1 31,1 112,1
born 4 2,1 6,1 16,1 18,1
bring 8 0,1 1,1 4,1 5,1 8,1 12,1 13,1 15,1
business 5 3,2 7,2 22,2 31,2 112,2
but 9 2,2 3,2 6,2 7,2 16,2 18,2 22,2 31,2 112,2
buy 4 2,2 6,2 16,2 18,2
by 5 3,2 7,2 22,2 31,2 112,2
can’t 4 2,2 6,2 16,2 18,2
categories 5 3,1 7,1 22,1 31,1 112,1
category 5 3,6 7,6 22,6 31,6 112,6
caused 4 2,2 6,2 16,2 18,2
causes 4 2,1 6,1 16,1 18,1
cbi 5 3,1 7,1 22,1 31,1 112,1
claimed 8 0,1 1,1 4,1 5,1 8,1 12,1 13,1 15,1
classified 5 3,3 7,3 22,3 31,3 112,3
clear 5 3,1 7,1 22,1 31,1 112,1
collected 5 3,1 7,1 22,1 31,1 112,1
come 8 0,1 1,1 4,1 5,1 8,1 12,1 13,1 15,1
complete 5 3,4 7,4 22,4 31,4 112,4
completeness 5 3,1 7,1 22,1 31,1 112,1
confident 8 0,2 1,2 4,2 5,2 8,2 12,2 13,2 15,2
could 12 0,1 1,1 2,1 4,1 5,1 6,1 8,1 12,1 13,1 15,1 16,1 18,1
countries 5 3,1 7,1 22,1 31,1 112,1
country 5 3,1 7,1 22,1 31,1 112,1
cute 4 2,1 6,1 16,1 18,1
dance 4 2,1 6,1 16,1 18,1
date 8 0,6 1,6 4,6 5,6 8,6 12,6 13,6 15,6
day 5 3,1 7,1 22,1 31,1 112,1
death 5 3,1 7,1 22,1 31,1 112,1
diagrams 5 3,1 7,1 22,1 31,1 112,1
did 5 3,1 7,1 22,1 31,1 112,1
didn’t 17 0,2 1,2 2,2 3,2 4,2 5,2 6,2 7,2 8,2 12,2 13,2 15,2 16,2 18,2 22,2 31,2 112,2
different 5 3,3 7,3 22,3 31,3 112,3
disappointed 4 2,1 6,1 16,1 18,1
do 13 0,1 1,1 3,4 4,1 5,1 7,4 8,1 12,1 13,1 15,1 22,4 31,4 112,4
doesn’t 4 2,2 6,2 16,2 18,2
down 8 0,1 1,1 4,1 5,1 8,1 12,1 13,1 15,1
dress 4 2,2 6,2 16,2 18,2
easily 8 0,1 1,1 4,1 5,1 8,1 12,1 13,1 15,1
embarrassed 8 0,2 1,2 4,2 5,2 8,2 12,2 13,2 15,2
envy 4 2,1 6,1 16,1 18,1
even 8 0,1 1,1 4,1 5,1 8,1 12,1 13,1 15,1
example 13 0,1 1,1 3,3 4,1 5,1 7,3 8,1 12,1 13,1 15,1 22,3 31,3 112,3
express 5 3,1 7,1 22,1 31,1 112,1
family 4 2,5 6,5 16,5 18,5
family’s 4 2,1 6,1 16,1 18,1
father 4 2,1 6,1 16,1 18,1
feel 12 0,1 1,1 2,2 4,1 5,1 6,2 8,1 12,1 13,1 15,1 16,2 18,2
feels 4 2,1 6,1 16,1 18,1
felt 4 2,1 6,1 16,1 18,1
find 13 0,1 1,1 3,1 4,1 5,1 7,1 8,1 12,1 13,1 15,1 22,1 31,1 112,1
first 5 3,5 7,5 22,5 31,5 112,5
follow 5 3,1 7,1 22,1 31,1 112,1
for 17 0,2 1,2 2,4 3,2 4,2 5,2 6,4 7,2 8,2 12,2 13,2 15,2 16,4 18,4 22,2 31,2 112,2
friend 12 0,1 1,1 2,1 4,1 5,1 6,1 8,1 12,1 13,1 15,1 16,1 18,1
friends 12 0,2 1,2 2,1 4,2 5,2 6,1 8,2 12,2 13,2 15,2 16,1 18,1
from 5 3,4 7,4 22,4 31,4 112,4
gave 5 3,3 7,3 22,3 31,3 112,3
get 5 3,1 7,1 22,1 31,1 112,1
gets 4 2,1 6,1 16,1 18,1
ghandi 5 3,1 7,1 22,1 31,1 112,1
girl 4 2,2 6,2 16,2 18,2
girlfriend 8 0,1 1,1 4,1 5,1 8,1 12,1 13,1 15,1
give 9 2,1 3,4 6,1 7,4 16,1 18,1 22,4 31,4 112,4
go 12 0,1 1,1 2,1 4,1 5,1 6,1 8,1 12,1 13,1 15,1 16,1 18,1
goes 5 3,1 7,1 22,1 31,1 112,1
got 4 2,1 6,1 16,1 18,1
group 5 3,3 7,3 22,3 31,3 112,3
had 8 0,2 1,2 4,2 5,2 8,2 12,2 13,2 15,2
happened 5 3,3 7,3 22,3 31,3 112,3
has 12 0,1 1,1 2,3 4,1 5,1 6,3 8,1 12,1 13,1 15,1 16,3 18,3
have 17 0,1 1,1 2,5 3,6 4,1 5,1 6,5 7,6 8,1 12,1 13,1 15,1 16,5 18,5 22,6 31,6 112,6
having 4 2,1 6,1 16,1 18,1
he 8 0,2 1,2 4,2 5,2 8,2 12,2 13,2 15,2
headlines 5 3,1 7,1 22,1 31,1 112,1
help 8 0,1 1,1 4,1 5,1 8,1 12,1 13,1 15,1
helped 13 0,1 1,1 3,2 4,1 5,1 7,2 8,1 12,1 13,1 15,1 22,2 31,2 112,2
helpful 8 0,1 1,1 4,1 5,1 8,1 12,1 13,1 15,1
her 4 2,15 6,15 16,15 18,15
herself 4 2,2 6,2 16,2 18,2
hide 5 3,1 7,1 22,1 31,1 112,1
him 8 0,1 1,1 4,1 5,1 8,1 12,1 13,1 15,1
hindi 5 3,1 7,1 22,1 31,1 112,1
his 8 0,5 1,5 4,5 5,5 8,5 12,5 13,5 15,5
house 8 0,1 1,1 4,1 5,1 8,1 12,1 13,1 15,1
however 8 0,2 1,2 4,2 5,2 8,2 12,2 13,2 15,2
i 8 0,10 1,10 4,10 5,10 8,10 12,10 13,10 15,10
if 8 0,1 1,1 4,1 5,1 8,1 12,1 13,1 15,1
important 5 3,1 7,1 22,1 31,1 112,1
in 9 2,2 3,10 6,2 7,10 16,2 18,2 22,10 31,10 112,10
income 4 2,1 6,1 16,1 18,1
india 5 3,1 7,1 22,1 31,1 112,1
indian 5 3,2 7,2 22,2 31,2 112,2
information 5 3,7 7,7 22,7 31,7 112,7
instance 4 2,1 6,1 16,1 18,1
intelligent 4 2,1 6,1 16,1 18,1
international 5 3,1 7,1 22,1 31,1 112,1
into 9 2,1 3,1 6,1 7,1 16,1 18,1 22,1 31,1 112,1
investigate 5 3,1 7,1 22,1 31,1 112,1
investigated 5 3,1 7,1 22,1 31,1 112,1
is 17 0,3 1,3 2,4 3,4 4,3 5,3 6,4 7,4 8,3 12,3 13,3 15,3 16,4 18,4 22,4 31,4 112,4
it 17 0,1 1,1 2,2 3,5 4,1 5,1 6,2 7,5 8,1 12,1 13,1 15,1 16,2 18,2 22,5 31,5 112,5
just 5 3,1 7,1 22,1 31,1 112,1
killed 5 3,2 7,2 22,2 31,2 112,2
know 5 3,1 7,1 22,1 31,1 112,1
last 8 0,1 1,1 4,1 5,1 8,1 12,1 13,1 15,1
lie 8 0,2 1,2 4,2 5,2 8,2 12,2 13,2 15,2
life 4 2,1 6,1 16,1 18,1
little 4 2,1 6,1 16,1 18,1
lives 4 2,1 6,1 16,1 18,1
look 8 0,1 1,1 4,1 5,1 8,1 12,1 13,1 15,1
lot 17 0,1 1,1 2,3 3,1 4,1 5,1 6,3 7,1 8,1 12,1 13,1 15,1 16,3 18,3 22,1 31,1 112,1
loud 4 2,1 6,1 16,1 18,1
low 4 2,1 6,1 16,1 18,1
made 8 0,1 1,1 4,1 5,1 8,1 12,1 13,1 15,1
makes 4 2,1 6,1 16,1 18,1
me 8 0,5 1,5 4,5 5,5 8,5 12,5 13,5 15,5
minister 5 3,3 7,3 22,3 31,3 112,3
money 4 2,5 6,5 16,5 18,5
month 8 0,1 1,1 4,1 5,1 8,1 12,1 13,1 15,1
more 13 0,1 1,1 3,3 4,1 5,1 7,3 8,1 12,1 13,1 15,1 22,3 31,3 112,3
much 9 2,1 3,2 6,1 7,2 16,1 18,1 22,2 31,2 112,2
my 12 0,4 1,4 2,1 4,4 5,4 6,1 8,4 12,4 13,4 15,4 16,1 18,1
myself 8 0,1 1,1 4,1 5,1 8,1 12,1 13,1 15,1
negatively 4 2,1 6,1 16,1 18,1
news 5 3,10 7,10 22,10 31,10 112,10
newspaper 5 3,4 7,4 22,4 31,4 112,4
newspapers 5 3,5 7,5 22,5 31,5 112,5
next 5 3,1 7,1 22,1 31,1 112,1
not 9 2,1 3,7 6,1 7,7 16,1 18,1 22,7 31,7 112,7
of 17 0,3 1,3 2,3 3,7 4,3 5,3 6,3 7,7 8,3 12,3 13,3 15,3 16,3 18,3 22,7 31,7 112,7
old 4 2,1 6,1 16,1 18,1
on 13 0,1 1,1 3,2 4,1 5,1 7,2 8,1 12,1 13,1 15,1 22,2 31,2 112,2
once 4 2,1 6,1 16,1 18,1
one 12 0,3 1,3 2,1 4,3 5,3 6,1 8,3 12,3 13,3 15,3 16,1 18,1
only 4 2,1 6,1 16,1 18,1
or 5 3,3 7,3 22,3 31,3 112,3
other 12 0,1 1,1 2,1 4,1 5,1 6,1 8,1 12,1 13,1 15,1 16,1 18,1
out 9 2,1 3,1 6,1 7,1 16,1 18,1 22,1 31,1 112,1
own 4 2,1 6,1 16,1 18,1
page 5 3,1 7,1 22,1 31,1 112,1
parts 5 3,1 7,1 22,1 31,1 112,1
party 8 0,3 1,3 4,3 5,3 8,3 12,3 13,3 15,3
people 12 0,1 1,1 2,1 4,1 5,1 6,1 8,1 12,1 13,1 15,1 16,1 18,1
personal 8 0,2 1,2 4,2 5,2 8,2 12,2 13,2 15,2
photographs 5 3,1 7,1 22,1 31,1 112,1
pictures 5 3,2 7,2 22,2 31,2 112,2
poor 4 2,1 6,1 16,1 18,1
popular 5 3,1 7,1 22,1 31,1 112,1
positions 5 3,1 7,1 22,1 31,1 112,1
power 8 0,3 1,3 4,3 5,3 8,3 12,3 13,3 15,3
pretends 8 0,1 1,1 4,1 5,1 8,1 12,1 13,1 15,1
pretty 4 2,1 6,1 16,1 18,1
prime 5 3,3 7,3 22,3 31,3 112,3
rajive 5 3,1 7,1 22,1 31,1 112,1
reader 5 3,1 7,1 22,1 31,1 112,1
really 8 0,1 1,1 4,1 5,1 8,1 12,1 13,1 15,1
reason 8 0,1 1,1 4,1 5,1 8,1 12,1 13,1 15,1
room 4 2,2 6,2 16,2 18,2
said 12 0,1 1,1 2,1 4,1 5,1 6,1 8,1 12,1 13,1 15,1 16,1 18,1
sat 4 2,1 6,1 16,1 18,1
second 5 3,3 7,3 22,3 31,3 112,3
share 4 2,1 6,1 16,1 18,1
she 4 2,12 6,12 16,12 18,12
show 5 3,1 7,1 22,1 31,1 112,1
showed 5 3,1 7,1 22,1 31,1 112,1
showing 5 3,1 7,1 22,1 31,1 112,1
silence 4 2,1 6,1 16,1 18,1
since 8 0,1 1,1 4,1 5,1 8,1 12,1 13,1 15,1
sister 4 2,4 6,4 16,4 18,4
situation 5 3,1 7,1 22,1 31,1 112,1
so 8 0,1 1,1 4,1 5,1 8,1 12,1 13,1 15,1
some 4 2,1 6,1 16,1 18,1
someone 8 0,1 1,1 4,1 5,1 8,1 12,1 13,1 15,1
sometimes 9 2,1 3,1 6,1 7,1 16,1 18,1 22,1 31,1 112,1
sorry 4 2,1 6,1 16,1 18,1
sports 5 3,2 7,2 22,2 31,2 112,2
started 4 2,1 6,1 16,1 18,1
stress 4 2,3 6,3 16,3 18,3
stuff 4 2,1 6,1 16,1 18,1
support 5 3,1 7,1 22,1 31,1 112,1
supported 5 3,1 7,1 22,1 31,1 112,1
sweetheart 4 2,1 6,1 16,1 18,1
teenagers 4 2,1 6,1 16,1 18,1
terrorist 5 3,2 7,2 22,2 31,2 112,2
than 13 0,2 1,2 3,1 4,2 5,2 7,1 8,2 12,2 13,2 15,2 22,1 31,1 112,1
that 13 0,2 1,2 3,1 4,2 5,2 7,1 8,2 12,2 13,2 15,2 22,1 31,1 112,1
the 17 0,2 1,2 2,3 3,33 4,2 5,2 6,3 7,33 8,2 12,2 13,2 15,2 16,3 18,3 22,33 31,33 112,33
them 9 2,1 3,1 6,1 7,1 16,1 18,1 22,1 31,1 112,1
themselves 4 2,1 6,1 16,1 18,1
then 12 0,1 1,1 2,2 4,1 5,1 6,2 8,1 12,1 13,1 15,1 16,2 18,2
therefore 5 3,1 7,1 22,1 31,1 112,1
these 4 2,1 6,1 16,1 18,1
they 9 2,1 3,7 6,1 7,7 16,1 18,1 22,7 31,7 112,7
things 4 2,2 6,2 16,2 18,2
think 4 2,1 6,1 16,1 18,1
this 17 0,1 1,1 2,2 3,4 4,1 5,1 6,2 7,4 8,1 12,1 13,1 15,1 16,2 18,2 22,4 31,4 112,4
those 5 3,2 7,2 22,2 31,2 112,2
threw 8 0,1 1,1 4,1 5,1 8,1 12,1 13,1 15,1
time 8 0,1 1,1 4,1 5,1 8,1 12,1 13,1 15,1
to 17 0,10 1,10 2,8 3,3 4,10 5,10 6,8 7,3 8,10 12,10 13,10 15,10 16,8 18,8 22,3 31,3 112,3
told 8 0,1 1,1 4,1 5,1 8,1 12,1 13,1 15,1
truth 5 3,2 7,2 22,2 31,2 112,2
try 5 3,1 7,1 22,1 31,1 112,1
two 5 3,1 7,1 22,1 31,1 112,1
ugly 8 0,1 1,1 4,1 5,1 8,1 12,1 13,1 15,1
understand 5 3,1 7,1 22,1 31,1 112,1
unlike 5 3,1 7,1 22,1 31,1 112,1
up 5 3,1 7,1 22,1 31,1 112,1
using 5 3,1 7,1 22,1 31,1 112,1
very 4 2,1 6,1 16,1 18,1
want 8 0,1 1,1 4,1 5,1 8,1 12,1 13,1 15,1
wanted 12 0,1 1,1 2,2 4,1 5,1 6,2 8,1 12,1 13,1 15,1 16,2 18,2
wants 4 2,1 6,1 16,1 18,1
was 17 0,1 1,1 2,2 3,3 4,1 5,1 6,2 7,3 8,1 12,1 13,1 15,1 16,2 18,2 22,3 31,3 112,3
wear 4 2,1 6,1 16,1 18,1
what 5 3,1 7,1 22,1 31,1 112,1
when 5 3,1 7,1 22,1 31,1 112,1
where 5 3,1 7,1 22,1 31,1 112,1
while 4 2,1 6,1 16,1 18,1
who 12 0,2 1,2 2,2 4,2 5,2 6,2 8,2 12,2 13,2 15,2 16,2 18,2
why 9 2,1 3,1 6,1 7,1 16,1 18,1 22,1 31,1 112,1
wishes 4 2,1 6,1 16,1 18,1
with 17 0,1 1,1 2,2 3,1 4,1 5,1 6,2 7,1 8,1 12,1 13,1 15,1 16,2 18,2 22,1 31,1 112,1
work 12 0,1 1,1 2,1 4,1 5,1 6,1 8,1 12,1 13,1 15,1 16,1 18,1
works 4 2,1 6,1 16,1 18,1
yelling 4 2,1 6,1 16,1 18,1
